6 46 86 126 166 206 246 286 326 366
6 46 86 126 166 206 246 286 326 366
6 46 86 126 166 206 246 286 326 366
6 46 86 126 166 206 246 286 326 366
6 46 86 126 166 206 246 286 326 366
6 46 86 126 166 206 246 286 326 366
6 46 86 126 166 206 246 286 326 366
6 46 86 126 166 206 246 286 326 366
6 46 86 126 166 206 246 286 326 366
6 46 86 126 166 206 246 286 326 366
6 46 86 126 166 206 246 286 326 366
6 46 86 126 166 206 246 286 326 366
6 46 86 126 166 206 246 286 326 366
6 46 86 126 166 206 246 286 326 366
6 46 86 126 166 206 246 286 326 366
